3,2
3,1
3,3
10,257
10,277
10,137
10,296
10,246
10,180
10,108
10,302
10,2
10,3
11,10
11,4
11,8
413,92
413,90
413,88
11,26
413,87
413,86
413,85
413,84
413,82
413,81
413,80
413,79
413,76
11,20
11,6
413,75
413,74
413,73
413,72
413,69
413,67
413,65
413,64
413,54
413,53
413,50
413,48
413,46
413,44
413,41
413,36
413,34
413,33
413,32
413,31
413,30
413,29
413,25
413,21
413,19
413,18
9,7
9,6
413,14
413,13
413,11
413,10
9,1
413,6
9,4
413,4
9,2
413,3
9,3
413,1
392,3
392,1
389,3
389,1
8,6
374,3
8,11
374,1
8,15
230,3
8,18
230,1
8,5
223,6
8,9
223,5
8,2
223,3
8,3
223,1
219,2
218,4
218,3
218,1
211,5
211,3
211,1
195,3
195,1
170,3
170,1
166,3
166,1
161,4
161,3
161,1
147,33
147,12
147,4
147,3
147,1
142,3
142,1
20,3
20,2
20,1
19,3
19,2
19,1
14,10
14,8
14,5
